0.00039167 -0.00016667  -0.000225  |      0.024 
-0.00016667 0.00033333 -0.00016667  |          0 
 -0.000225 -0.00016667 0.00039167  |     -0.024 

Reducing row 1 to a leading entry of 1
         1   -0.42553   -0.57447  |     61.277 
-0.00016667 0.00033333 -0.00016667  |          0 
 -0.000225 -0.00016667 0.00039167  |     -0.024 

Subtracting row 1 from row 2
         1   -0.42553   -0.57447  |     61.277 
         0 0.00026241 -0.00026241  |   0.010213 
 -0.000225 -0.00016667 0.00039167  |     -0.024 

Subtracting row 1 from row 3
         1   -0.42553   -0.57447  |     61.277 
         0 0.00026241 -0.00026241  |   0.010213 
         0 -0.00026241 0.00026241  |  -0.010213 

Reducing row 2 to a leading entry of 1
         1   -0.42553   -0.57447  |     61.277 
         0          1         -1  |     38.919 
         0 -0.00026241 0.00026241  |  -0.010213 

Subtracting row 2 from row 1
         1          0         -1  |     77.838 
         0          1         -1  |     38.919 
         0 -0.00026241 0.00026241  |  -0.010213 

Subtracting row 2 from row 3
         1          0         -1  |     77.838 
         0          1         -1  |     38.919 
         0          0          0  |          0 

Reducing row 3 to a leading entry of 1
         1          0         -1  |     77.838 
         0          1         -1  |     38.919 
         0          0          0  |          0 

Subtracting row 3 from row 1
         1          0         -1  |     77.838 
         0          1         -1  |     38.919 
         0          0          0  |          0 

Subtracting row 3 from row 2
         1          0         -1  |     77.838 
         0          1         -1  |     38.919 
         0          0          0  |          0 

Node 1 voltage:    +77.838 Volts.
Node 2 voltage:    +38.919 Volts.
Node 3 voltage:         +0 Volts.
Element Type   Element Value   Node(-)   Node(+)    Voltage(V)    Current(A)      Power(W)
    Resistor           +8000        +1        +3       -77.838    -0.0097297      +0.75734
    Resistor           +6000        +1        +2       -38.919    -0.0064865      +0.25245
    Resistor           +6000        +2        +3       -38.919    -0.0064865      +0.25245
    Resistor          +10000        +1        +3       -77.838    -0.0077838      +0.60587
         UCS          +0.024        +3        +1       +77.838        +0.024       +1.8681
